0.0254	 212.0000	 0.0000	 0	 0	 15
0.1031	 394.0000	 0.0000	 1	 182	 15
0.1734	 509.0000	 0.0000	 0	 115	 15
0.2426	 239.0000	 0.0000	 1	 -270	 15
0.3151	 218.0000	 0.0000	 0	 -21	 15
0.3855	 400.0000	 0.0000	 1	 182	 15
0.4571	 418.0000	 0.0000	 0	 18	 15
0.5284	 241.0000	 0.0000	 1	 -177	 15
0.5984	 221.0000	 0.0000	 0	 -20	 15
0.6910	 280.0000	 0.0000	 1	 59	 15
0.7621	 217.0000	 0.0000	 1	 -63	 15
0.8327	 308.0000	 0.0000	 1	 91	 15
0.9017	 452.0000	 0.0000	 0	 144	 15
0.9730	 365.0000	 0.0000	 1	 -87	 15
1.0445	 213.0000	 0.0000	 0	 -152	 15
1.1164	 287.0000	 0.0000	 1	 74	 15
1.1869	 491.0000	 0.0000	 0	 204	 15
1.2564	 288.0000	 0.0000	 1	 -203	 15
1.3279	 216.0000	 0.0000	 0	 -72	 15
1.3961	 275.0000	 0.0000	 1	 59	 15
1.4881	 234.0000	 0.0000	 1	 -41	 15
1.5563	 214.0000	 0.0000	 0	 -20	 15
1.6257	 360.0000	 0.0000	 1	 146	 15
1.6938	 459.0000	 0.0000	 0	 99	 15
1.7627	 413.0000	 0.0000	 1	 -46	 15
1.8310	 223.0000	 0.0000	 0	 -190	 15
1.8993	 215.0000	 0.0000	 0	 -8	 15
1.9735	 434.0000	 0.0000	 1	 219	 15
2.0416	 432.0000	 0.0000	 0	 -2	 15
2.1115	 259.0000	 0.0000	 1	 -173	 15
2.1811	 215.0000	 0.0000	 0	 -44	 15
2.2518	 361.0000	 0.0000	 1	 146	 15
2.3189	 504.0000	 0.0000	 0	 143	 15
2.3889	 256.0000	 0.0000	 1	 -248	 15
2.4597	 216.0000	 0.0000	 0	 -40	 15
2.5298	 308.0000	 0.0000	 1	 92	 15
2.5965	 429.0000	 0.0000	 0	 121	 15
2.6668	 400.0000	 0.0000	 1	 -29	 15
2.7558	 330.0000	 0.0000	 0	 -70	 15
2.8237	 457.0000	 0.0000	 1	 127	 15
2.8906	 414.0000	 0.0000	 1	 -43	 15
2.9585	 224.0000	 0.0000	 0	 -190	 15
3.0370	 330.0000	 0.0000	 1	 106	 15
3.1031	 483.0000	 0.0000	 0	 153	 15
3.1709	 308.0000	 0.0000	 1	 -175	 15
3.2394	 222.0000	 0.0000	 0	 -86	 15
3.3054	 226.0000	 0.0000	 0	 4	 15
3.3718	 357.0000	 0.0000	 1	 131	 15
3.4382	 503.0000	 0.0000	 0	 146	 15
3.5059	 260.0000	 1.8245	 1	 -243	 15
3.5740	 218.0000	 1.8245	 0	 -42	 15
3.6402	 414.0000	 1.8245	 1	 196	 15
3.7078	 275.0000	 1.8245	 1	 -139	 15
3.7754	 219.0000	 1.6577	 0	 -56	 15
3.8412	 431.0000	 1.6577	 1	 212	 15
3.9088	 258.0000	 1.6577	 1	 -173	 15
3.9762	 227.0000	 1.6577	 0	 -31	 15
4.0446	 489.0000	 2.4823	 1	 262	 15
4.1216	 218.0000	 2.4823	 1	 -271	 15
4.1906	 441.0000	 2.4823	 1	 223	 15
4.2595	 250.0000	 2.4823	 1	 -191	 15
4.3276	 296.0000	 2.8623	 1	 46	 15
4.3957	 413.0000	 2.8623	 0	 117	 15
4.4662	 217.0000	 2.8623	 1	 -196	 15
4.5364	 451.0000	 2.8623	 1	 234	 15
4.6145	 213.0000	 2.9017	 1	 -238	 15
4.6921	 427.0000	 2.9017	 1	 214	 15
4.7608	 224.0000	 2.9017	 1	 -203	 15
4.8277	 376.0000	 2.9017	 1	 152	 15
4.8963	 321.0000	 3.3949	 1	 -55	 15
4.9653	 219.0000	 3.3949	 0	 -102	 15
5.0330	 443.0000	 3.3949	 1	 224	 15
5.1015	 240.0000	 3.3949	 1	 -203	 15
5.1708	 268.0000	 2.9338	 1	 28	 15
5.2371	 494.0000	 2.9338	 0	 226	 15
5.3066	 215.0000	 2.9338	 1	 -279	 15
5.3725	 341.0000	 2.9338	 1	 126	 15
5.4420	 371.0000	 2.4376	 0	 30	 15
5.5080	 215.0000	 2.4376	 1	 -156	 15
5.5768	 424.0000	 2.4376	 1	 209	 15
5.6431	 288.0000	 2.4376	 1	 -136	 15
5.7104	 224.0000	 2.4633	 0	 -64	 15
5.7757	 426.0000	 2.4633	 1	 202	 15
5.8425	 278.0000	 2.4633	 1	 -148	 15
5.9088	 228.0000	 2.4633	 0	 -50	 15
5.9825	 403.0000	 2.9899	 1	 175	 15
6.0550	 218.0000	 2.9899	 1	 -185	 15
6.1244	 468.0000	 2.9899	 1	 250	 15
6.1931	 229.0000	 2.9899	 1	 -239	 15
6.2619	 308.0000	 2.8674	 1	 79	 15
6.3320	 383.0000	 2.8674	 0	 75	 15
6.4010	 218.0000	 2.8674	 1	 -165	 15
6.4861	 242.0000	 2.8674	 1	 24	 15
6.5557	 254.0000	 2.8901	 0	 12	 15
6.6243	 476.0000	 2.8901	 0	 222	 15
6.6919	 217.0000	 2.8901	 1	 -259	 15
6.7609	 371.0000	 2.8901	 1	 154	 15
6.8281	 368.0000	 2.0047	 0	 -3	 15
6.8957	 216.0000	 2.0047	 1	 -152	 15
6.9691	 441.0000	 2.0047	 1	 225	 15
7.0371	 231.0000	 2.0047	 1	 -210	 108.2
7.1071	 388.0000	 2.0707	 1	 157	 108.2
7.1818	 231.0000	 2.0707	 1	 -157	 108.2
7.2540	 358.0000	 2.0707	 1	 127	 108.2
7.3235	 309.0000	 2.0707	 0	 -49	 108.2
7.3936	 245.0000	 3.5093	 0	 -64	 108.2
7.4638	 404.0000	 3.5093	 0	 159	 108.2
7.5354	 217.0000	 3.5093	 1	 -187	 108.2
7.6214	 266.0000	 3.5093	 0	 49	 108.2
7.6902	 273.0000	 2.0068	 0	 7	 108.2
7.7604	 383.0000	 2.0068	 1	 110	 108.2
7.8299	 216.0000	 2.0068	 1	 -167	 108.2
7.8985	 451.0000	 2.0068	 1	 235	 108.2
7.9699	 223.0000	 1.5429	 1	 -228	 108.2
8.0381	 327.0000	 1.5429	 0	 104	 108.2
8.1074	 362.0000	 1.5429	 0	 35	 108.2
8.1843	 335.0000	 1.5429	 0	 -27	 108.2
8.2567	 266.0000	 2.3014	 0	 -69	 108.2
8.3279	 252.0000	 2.3014	 0	 -14	 108.2
8.3986	 444.0000	 2.3014	 1	 192	 108.2
8.4713	 233.0000	 2.3014	 1	 -211	 108.2
8.5597	 220.0000	 1.5668	 0	 -13	 108.2
8.6359	 443.0000	 1.5668	 1	 223	 108.2
8.7063	 235.0000	 1.5668	 1	 -208	 108.2
8.7763	 384.0000	 1.5668	 1	 149	 108.2
8.8556	 219.0000	 1.3580	 1	 -165	 108.2
8.9271	 403.0000	 1.3580	 1	 184	 108.2
9.0011	 233.0000	 1.3580	 1	 -170	 108.2
9.0747	 429.0000	 1.3580	 1	 196	 108.2
9.1659	 330.0000	 3.3915	 0	 -99	 108.2
9.2369	 285.0000	 3.3915	 0	 -45	 108.2
9.3088	 243.0000	 3.3915	 0	 -42	 108.2
9.3786	 475.0000	 3.3915	 0	 232	 108.2
9.4545	 253.0000	 3.3520	 1	 -222	 108.2
9.5262	 395.0000	 3.3520	 1	 142	 108.2
9.5967	 217.0000	 3.3520	 1	 -178	 108.2
9.6700	 484.0000	 3.3520	 1	 267	 108.2
9.7580	 386.0000	 1.6791	 0	 -98	 109.2
9.8293	 254.0000	 1.6791	 1	 -132	 109.2
9.8999	 269.0000	 1.6791	 0	 15	 109.2
9.9691	 436.0000	 1.6791	 1	 167	 109.2
10.0407	 219.0000	 2.6686	 1	 -217	 109.2
10.1115	 441.0000	 2.6686	 1	 222	 109.2
10.1885	 222.0000	 2.6686	 1	 -219	 109.2
10.2607	 492.0000	 2.6686	 1	 270	 109.2
10.3344	 219.0000	 2.7838	 1	 -273	 109.80000000000001
10.4066	 437.0000	 2.7838	 1	 218	 109.80000000000001
10.4954	 381.0000	 2.7838	 0	 -56	 109.80000000000001
10.5717	 226.0000	 2.7838	 1	 -155	 109.80000000000001
10.6432	 410.0000	 3.3882	 1	 184	 109.80000000000001
10.7194	 218.0000	 3.3882	 1	 -192	 109.80000000000001
10.7896	 385.0000	 3.3882	 1	 167	 109.80000000000001
10.8619	 251.0000	 3.3882	 1	 -134	 109.80000000000001
10.9370	 414.0000	 2.6112	 1	 163	 109.80000000000001
11.0239	 234.0000	 2.6112	 1	 -180	 109.80000000000001
11.0941	 426.0000	 2.6112	 1	 192	 109.80000000000001
11.1656	 216.0000	 2.6112	 1	 -210	 109.80000000000001
11.2367	 464.0000	 3.2837	 1	 248	 109.80000000000001
11.3063	 226.0000	 3.2837	 1	 -238	 109.80000000000001
11.3743	 312.0000	 3.2837	 0	 86	 109.80000000000001
11.4494	 266.0000	 3.2837	 0	 -46	 109.80000000000001
11.5223	 340.0000	 3.5413	 0	 74	 109.80000000000001
11.5935	 298.0000	 3.5413	 0	 -42	 109.80000000000001
11.6661	 240.0000	 3.5413	 0	 -58	 109.80000000000001
11.7451	 278.0000	 3.5413	 0	 38	 109.80000000000001
11.8277	 461.0000	 3.5413	 1	 183	 109.80000000000001
11.8990	 224.0000	 3.5413	 1	 -237	 109.80000000000001
11.9719	 387.0000	 3.5413	 1	 163	 109.80000000000001
12.0413	 277.0000	 3.5413	 1	 -110	 109.80000000000001
12.1164	 364.0000	 1.3601	 0	 87	 109.80000000000001
12.1886	 251.0000	 1.3601	 0	 -113	 109.80000000000001
12.2609	 294.0000	 1.3601	 0	 43	 109.80000000000001
12.3338	 343.0000	 1.3601	 0	 49	 109.80000000000001
12.4062	 287.0000	 1.3605	 0	 -56	 109.80000000000001
12.4933	 215.0000	 1.3605	 0	 -72	 109.80000000000001
12.5649	 426.0000	 1.3605	 1	 211	 109.80000000000001
12.6349	 249.0000	 1.3605	 1	 -177	 108.60000000000001
12.7060	 366.0000	 1.3564	 1	 117	 108.60000000000001
12.7756	 302.0000	 1.3564	 0	 -64	 108.60000000000001
12.8520	 283.0000	 1.3564	 0	 -19	 108.60000000000001
12.9251	 358.0000	 1.3564	 0	 75	 108.60000000000001
12.9962	 243.0000	 1.3621	 1	 -115	 108.60000000000001
13.0689	 383.0000	 1.3621	 1	 140	 108.60000000000001
13.1565	 418.0000	 1.3621	 0	 35	 108.60000000000001
13.2275	 237.0000	 1.3621	 1	 -181	 108.60000000000001
13.2991	 374.0000	 1.9843	 1	 137	 108.60000000000001
13.3688	 273.0000	 1.9843	 0	 -101	 108.60000000000001
13.4390	 236.0000	 1.9843	 0	 -37	 108.60000000000001
13.5089	 485.0000	 1.9843	 0	 249	 108.60000000000001
13.5793	 213.0000	 1.6861	 1	 -272	 108.60000000000001
13.6579	 393.0000	 1.6861	 1	 180	 108.60000000000001
13.7285	 217.0000	 1.6861	 1	 -176	 108.60000000000001
13.8008	 484.0000	 1.6861	 1	 267	 108.60000000000001
13.8874	 365.0000	 1.9962	 1	 -119	 108.60000000000001
13.9587	 272.0000	 1.9962	 0	 -93	 108.60000000000001
14.0295	 242.0000	 1.9962	 0	 -30	 108.60000000000001
14.1052	 370.0000	 1.9962	 1	 128	 108.60000000000001
14.1742	 230.0000	 3.2460	 1	 -140	 108.60000000000001
14.2441	 440.0000	 3.2460	 1	 210	 108.60000000000001
14.3228	 227.0000	 3.2460	 1	 -213	 108.60000000000001
14.3936	 494.0000	 3.2460	 1	 267	 108.60000000000001
14.4669	 214.0000	 2.2968	 1	 -280	 108.60000000000001
14.5452	 379.0000	 2.2968	 1	 165	 110.0
14.6204	 236.0000	 2.2968	 1	 -143	 110.0
14.7007	 260.0000	 2.2968	 0	 24	 110.0
14.7713	 311.0000	 3.3599	 0	 51	 110.0
14.8415	 353.0000	 3.3599	 0	 42	 110.0
14.9118	 221.0000	 3.3599	 0	 -132	 110.0
14.9882	 418.0000	 3.3599	 0	 197	 110.0
15.0602	 227.0000	 3.3599	 0	 -191	 110.0
