0.0100	 306.0000	 4.0000
0.0200	 290.0000	 4.0000
0.0300	 282.0000	 4.0000
0.0400	 279.0000	 4.0000
0.0500	 276.0000	 4.0000
0.0600	 274.0000	 4.0000
0.0700	 277.0000	 4.0000
0.0800	 280.0000	 4.0000
0.0900	 288.0000	 4.0000
0.1000	 298.0000	 4.0000
0.1100	 310.0000	 4.0000
0.1200	 333.0000	 4.0000
0.1300	 393.0000	 4.0000
0.1400	 494.0000	 4.0000
0.1500	 596.0000	 4.0000
0.1600	 649.0000	 4.0000
0.1700	 663.0000	 4.0000
0.1800	 666.0000	 4.0000
0.1900	 656.0000	 4.0000
0.2000	 638.0000	 4.0000
0.2100	 607.0000	 4.0000
0.2200	 553.0000	 4.0000
0.2300	 506.0000	 4.0000
0.2400	 465.0000	 4.0000
0.2500	 400.0000	 4.0000
0.2600	 339.0000	 4.0000
0.2701	 306.0000	 4.0000
0.2801	 294.0000	 4.0000
0.2901	 288.0000	 4.0000
0.3001	 284.0000	 4.0000
0.3101	 280.0000	 4.0000
0.3201	 280.0000	 4.0000
0.3301	 285.0000	 4.0000
0.3401	 297.0000	 4.0000
0.3501	 311.0000	 4.0000
0.3601	 337.0000	 4.0000
0.3701	 404.0000	 4.0000
0.3801	 509.0000	 4.0000
0.3901	 601.0000	 4.0000
0.4001	 649.0000	 4.0000
0.4101	 663.0000	 4.0000
0.4201	 667.0000	 4.0000
0.4301	 652.0000	 4.0000
0.4401	 634.0000	 4.0000
0.4501	 601.0000	 4.0000
0.4601	 548.0000	 4.0000
0.4701	 493.0000	 4.0000
0.4801	 406.0000	 4.0000
0.4901	 333.0000	 4.0000
1.1620	 538.0000	 2.2724
1.2282	 436.0000	 0.7962
1.2382	 334.0000	 0.7962
1.2482	 297.0000	 0.7962
1.2582	 285.0000	 0.7962
1.2682	 277.0000	 0.7962
1.2783	 278.0000	 0.7962
1.2883	 286.0000	 0.7962
1.2983	 301.0000	 0.7962
1.3083	 330.0000	 0.7962
1.3183	 434.0000	 0.7962
1.3283	 564.0000	 0.7962
1.3383	 618.0000	 0.7962
1.3483	 631.0000	 0.7962
1.3583	 615.0000	 0.7962
1.3683	 557.0000	 0.7962
1.3783	 491.0000	 0.7962
1.3883	 397.0000	 0.7962
1.3983	 321.0000	 0.7962
1.4083	 298.0000	 0.7962
1.4183	 286.0000	 0.7962
1.4283	 282.0000	 0.7962
1.4383	 289.0000	 0.7962
1.4483	 308.0000	 0.7962
1.4583	 365.0000	 0.7962
1.4683	 498.0000	 0.7962
1.4783	 594.0000	 0.7962
1.4883	 629.0000	 0.7962
1.4983	 625.0000	 0.7962
1.5083	 597.0000	 0.7962
1.5183	 526.0000	 0.7962
1.5283	 411.0000	 0.7962
1.5383	 317.0000	 0.7962
1.5483	 291.0000	 0.7962
1.5583	 280.0000	 0.7962
1.5683	 279.0000	 0.7962
1.5783	 286.0000	 0.7962
1.5883	 304.0000	 0.7962
1.5983	 356.0000	 0.7962
1.6083	 495.0000	 0.7962
1.6185	 592.0000	 0.7962
1.6285	 619.0000	 0.7962
1.6385	 612.0000	 0.7962
1.6485	 555.0000	 0.7962
1.6585	 483.0000	 0.7962
1.8224	 282.0000	 3.9421
1.8324	 279.0000	 3.9421
1.8424	 289.0000	 3.9421
1.8524	 308.0000	 3.9421
1.8624	 377.0000	 3.9421
1.8724	 525.0000	 3.9421
1.8824	 601.0000	 3.9421
1.8924	 618.0000	 3.9421
1.9024	 598.0000	 3.9421
1.9124	 525.0000	 3.9421
1.9224	 442.0000	 3.9421
1.9324	 337.0000	 3.9421
1.9424	 301.0000	 3.9421
1.9524	 289.0000	 3.9421
1.9624	 283.0000	 3.9421
1.9724	 295.0000	 3.9421
1.9824	 320.0000	 3.9421
1.9924	 424.0000	 3.9421
2.0024	 555.0000	 3.9421
2.0124	 614.0000	 3.9421
2.0224	 622.0000	 3.9421
2.0324	 601.0000	 3.9421
2.0425	 529.0000	 3.9421
2.0525	 405.0000	 3.9421
2.0625	 314.0000	 3.9421
2.0725	 289.0000	 3.9421
2.0825	 279.0000	 3.9421
2.0925	 281.0000	 3.9421
2.1025	 294.0000	 3.9421
2.1125	 320.0000	 3.9421
2.1225	 424.0000	 3.9421
2.1325	 558.0000	 3.9421
2.1441	 613.0000	 3.9421
2.1541	 613.0000	 3.9421
2.3027	 471.0000	 3.5708
2.3127	 339.0000	 3.5708
2.3227	 297.0000	 3.5708
2.3327	 284.0000	 3.5708
2.3427	 280.0000	 3.5708
2.3527	 289.0000	 3.5708
2.3627	 308.0000	 3.5708
2.3727	 379.0000	 3.5708
2.3827	 528.0000	 3.5708
2.3927	 600.0000	 3.5708
2.4027	 616.0000	 3.5708
2.4127	 588.0000	 3.5708
2.4227	 510.0000	 3.5708
2.4327	 414.0000	 3.5708
2.4427	 323.0000	 3.5708
2.4527	 297.0000	 3.5708
2.4627	 286.0000	 3.5708
2.4727	 286.0000	 3.5708
2.4827	 303.0000	 3.5708
2.4927	 354.0000	 3.5708
2.5027	 493.0000	 3.5708
2.5127	 590.0000	 3.5708
2.5227	 622.0000	 3.5708
2.5327	 614.0000	 3.5708
2.5427	 557.0000	 3.5708
2.5527	 458.0000	 3.5708
2.5628	 333.0000	 3.5708
2.5728	 295.0000	 3.5708
2.5828	 282.0000	 3.5708
2.5928	 281.0000	 3.5708
2.6028	 290.0000	 3.5708
2.6128	 316.0000	 3.5708
2.6228	 403.0000	 3.5708
2.6328	 547.0000	 3.5708
2.6428	 606.0000	 3.5708
2.6528	 612.0000	 3.5708
2.8252	 284.0000	 3.7494
2.8352	 280.0000	 3.7494
2.8452	 289.0000	 3.7494
2.8552	 309.0000	 3.7494
2.8652	 393.0000	 3.7494
2.8752	 542.0000	 3.7494
2.8852	 604.0000	 3.7494
2.8952	 612.0000	 3.7494
2.9052	 569.0000	 3.7494
2.9152	 490.0000	 3.7494
2.9252	 373.0000	 3.7494
2.9352	 310.0000	 3.7494
2.9452	 293.0000	 3.7494
2.9552	 285.0000	 3.7494
2.9652	 294.0000	 3.7494
2.9752	 324.0000	 3.7494
2.9852	 442.0000	 3.7494
2.9952	 566.0000	 3.7494
3.0052	 615.0000	 3.7494
3.0152	 613.0000	 3.7494
3.0252	 564.0000	 3.7494
3.0352	 462.0000	 3.7494
3.0452	 330.0000	 3.7494
3.0552	 293.0000	 3.7494
3.0652	 282.0000	 3.7494
3.0752	 283.0000	 3.7494
3.0852	 297.0000	 3.7494
3.0952	 335.0000	 3.7494
3.1052	 474.0000	 3.7494
3.1152	 580.0000	 3.7494
3.1252	 612.0000	 3.7494
3.1352	 593.0000	 3.7494
3.1452	 514.0000	 3.7494
3.1552	 406.0000	 3.7494
3.2902	 287.0000	 4.6869
3.3002	 282.0000	 4.6869
3.3102	 290.0000	 4.6869
3.3202	 314.0000	 4.6869
3.3302	 414.0000	 4.6869
3.3402	 557.0000	 4.6869
3.3502	 606.0000	 4.6869
3.3602	 604.0000	 4.6869
3.3702	 538.0000	 4.6869
3.3802	 452.0000	 4.6869
3.3902	 337.0000	 4.6869
3.4002	 301.0000	 4.6869
3.4102	 288.0000	 4.6869
3.4202	 286.0000	 4.6869
3.4302	 307.0000	 4.6869
3.4402	 380.0000	 4.6869
3.4502	 526.0000	 4.6869
3.4602	 599.0000	 4.6869
3.4702	 615.0000	 4.6869
3.4802	 585.0000	 4.6869
3.4902	 501.0000	 4.6869
3.5002	 355.0000	 4.6869
3.5102	 301.0000	 4.6869
3.5202	 283.0000	 4.6869
3.5302	 282.0000	 4.6869
3.5402	 293.0000	 4.6869
3.5502	 321.0000	 4.6869
3.5602	 441.0000	 4.6869
3.5702	 568.0000	 4.6869
3.5802	 609.0000	 4.6869
3.5902	 602.0000	 4.6869
3.6002	 527.0000	 4.6869
3.6102	 432.0000	 4.6869
3.6202	 329.0000	 4.6869
3.6302	 299.0000	 4.6869
3.6402	 286.0000	 4.6869
3.6502	 288.0000	 4.6869
3.6602	 309.0000	 4.6869
3.7840	 314.0000	 4.6867
3.7940	 402.0000	 4.6867
3.8041	 551.0000	 4.6867
3.8141	 610.0000	 4.6867
3.8241	 619.0000	 4.6867
3.8341	 591.0000	 4.6867
3.8441	 516.0000	 4.6867
3.8541	 430.0000	 4.6867
3.8641	 332.0000	 4.6867
3.8741	 301.0000	 4.6867
3.8841	 289.0000	 4.6867
3.8941	 283.0000	 4.6867
3.9041	 293.0000	 4.6867
3.9141	 313.0000	 4.6867
3.9241	 384.0000	 4.6867
3.9341	 522.0000	 4.6867
3.9442	 605.0000	 4.6867
3.9542	 635.0000	 4.6867
3.9642	 627.0000	 4.6867
3.9742	 594.0000	 4.6867
3.9842	 524.0000	 4.6867
3.9942	 410.0000	 4.6867
4.0044	 318.0000	 4.6867
4.0144	 292.0000	 4.6867
4.0244	 281.0000	 4.6867
4.0344	 278.0000	 4.6867
4.0444	 283.0000	 4.6867
4.0545	 297.0000	 4.6867
4.0645	 317.0000	 4.6867
4.0745	 391.0000	 4.6867
4.0845	 529.0000	 4.6867
4.0945	 610.0000	 4.6867
4.1045	 635.0000	 4.6867
4.1145	 633.0000	 4.6867
4.1245	 603.0000	 4.6867
4.1345	 534.0000	 4.6867
4.1445	 475.0000	 4.6867
4.1545	 379.0000	 4.6867
4.3008	 625.0000	 3.4042
4.3108	 578.0000	 3.4042
4.3208	 520.0000	 3.4042
4.3308	 441.0000	 3.4042
4.3408	 349.0000	 3.4042
4.3508	 305.0000	 3.4042
4.3608	 289.0000	 3.4042
4.3708	 282.0000	 3.4042
4.3808	 279.0000	 3.4042
4.3908	 276.0000	 3.4042
4.4008	 279.0000	 3.4042
4.4108	 284.0000	 3.4042
4.4208	 294.0000	 3.4042
4.4308	 305.0000	 3.4042
4.4408	 323.0000	 3.4042
4.4508	 367.0000	 3.4042
4.4608	 456.0000	 3.4042
4.4710	 568.0000	 3.4042
4.4810	 639.0000	 3.4042
4.4910	 665.0000	 3.4042
4.5010	 673.0000	 3.4042
4.5110	 669.0000	 3.4042
4.5210	 657.0000	 3.4042
4.5310	 640.0000	 3.4042
4.5410	 610.0000	 3.4042
4.5510	 559.0000	 3.4042
4.5610	 518.0000	 3.4042
4.5710	 486.0000	 3.4042
4.5810	 445.0000	 3.4042
4.5910	 388.0000	 3.4042
4.6011	 341.0000	 3.4042
4.6111	 311.0000	 3.4042
4.6211	 297.0000	 3.4042
4.6311	 292.0000	 3.4042
4.6411	 288.0000	 3.4042
4.6511	 285.0000	 3.4042
4.6611	 282.0000	 3.4042
4.8278	 694.0000	 2.4458
4.8378	 694.0000	 2.4458
4.8478	 690.0000	 2.4458
4.8578	 674.0000	 2.4458
4.8678	 660.0000	 2.4458
4.8840	 637.0000	 2.4458
4.8940	 606.0000	 2.4458
4.9041	 570.0000	 2.4458
4.9141	 532.0000	 2.4458
4.9241	 497.0000	 2.4458
4.9341	 445.0000	 2.4458
4.9441	 381.0000	 2.4458
4.9541	 334.0000	 2.4458
4.9641	 306.0000	 2.4458
4.9741	 292.0000	 2.4458
4.9841	 285.0000	 2.4458
4.9941	 281.0000	 2.4458
5.0043	 279.0000	 2.4458
5.0143	 277.0000	 2.4458
5.0243	 274.0000	 2.4458
5.0343	 274.0000	 2.4458
5.0443	 276.0000	 2.4458
5.0543	 279.0000	 2.4458
5.0643	 282.0000	 2.4458
5.0743	 288.0000	 2.4458
5.0843	 294.0000	 2.4458
5.0944	 303.0000	 2.4458
5.1044	 312.0000	 2.4458
5.1144	 325.0000	 2.4458
5.1244	 352.0000	 2.4458
5.1344	 402.0000	 2.4458
5.1444	 479.0000	 2.4458
5.1544	 569.0000	 2.4458
5.2937	 479.0000	 2.4458
5.3037	 448.0000	 2.4458
5.3137	 405.0000	 2.4458
5.3237	 360.0000	 2.4458
5.3337	 328.0000	 2.4458
5.3437	 308.0000	 2.4458
5.3537	 297.0000	 2.4458
5.3637	 291.0000	 2.4458
5.3737	 289.0000	 2.4458
5.3837	 286.0000	 2.4458
5.3937	 284.0000	 2.4458
5.4037	 282.0000	 2.4458
5.4137	 280.0000	 2.4458
5.4237	 279.0000	 2.4458
5.4337	 278.0000	 2.4458
5.4437	 280.0000	 2.4458
5.4537	 283.0000	 2.4458
5.4637	 289.0000	 2.4458
5.4737	 295.0000	 2.4458
5.4837	 302.0000	 2.4458
5.4938	 310.0000	 2.4458
5.5038	 320.0000	 2.4458
5.5138	 335.0000	 2.4458
5.5238	 361.0000	 2.4458
5.5338	 402.0000	 2.4458
5.5438	 460.0000	 2.4458
5.5538	 526.0000	 2.4458
5.5638	 590.0000	 2.4458
5.5738	 642.0000	 2.4458
5.5838	 678.0000	 2.4458
5.5938	 698.0000	 2.4458
5.6038	 708.0000	 2.4458
5.6138	 709.0000	 2.4458
5.6238	 707.0000	 2.4458
5.6338	 705.0000	 2.4458
5.6438	 702.0000	 2.4458
5.6538	 690.0000	 2.4458
5.7885	 427.0000	 2.4458
5.7985	 389.0000	 2.4458
5.8085	 356.0000	 2.4458
5.8185	 330.0000	 2.4458
5.8285	 312.0000	 2.4458
5.8385	 298.0000	 2.4458
5.8485	 291.0000	 2.4458
5.8585	 286.0000	 2.4458
5.8685	 283.0000	 2.4458
5.8785	 281.0000	 2.4458
5.8885	 279.0000	 2.4458
5.8985	 278.0000	 2.4458
5.9085	 277.0000	 2.4458
5.9185	 277.0000	 2.4458
5.9285	 276.0000	 2.4458
5.9385	 276.0000	 2.4458
5.9485	 274.0000	 2.4458
5.9585	 273.0000	 2.4458
5.9685	 273.0000	 2.4458
5.9785	 273.0000	 2.4458
5.9885	 275.0000	 2.4458
5.9985	 276.0000	 2.4458
6.0085	 277.0000	 2.4458
6.0185	 279.0000	 2.4458
6.0285	 280.0000	 2.4458
6.0385	 282.0000	 2.4458
6.0486	 285.0000	 2.4458
6.0586	 286.0000	 2.4458
6.0686	 290.0000	 2.4458
6.0786	 294.0000	 2.4458
6.0886	 297.0000	 2.4458
6.0986	 301.0000	 2.4458
6.1086	 304.0000	 2.4458
6.1186	 308.0000	 2.4458
6.1286	 313.0000	 2.4458
6.1386	 316.0000	 2.4458
6.1486	 322.0000	 2.4458
6.1586	 329.0000	 2.4458
6.3012	 724.0000	 2.4458
6.3112	 730.0000	 2.4458
6.3212	 735.0000	 2.4458
6.3312	 738.0000	 2.4458
6.3412	 733.0000	 2.4458
6.3512	 727.0000	 2.4458
6.3612	 722.0000	 2.4458
6.3712	 719.0000	 2.4458
6.3812	 717.0000	 2.4458
6.3912	 714.0000	 2.4458
6.4012	 709.0000	 2.4458
6.4112	 706.0000	 2.4458
6.4212	 699.0000	 2.4458
6.4312	 694.0000	 2.4458
6.4412	 690.0000	 2.4458
6.4512	 685.0000	 2.4458
6.4612	 680.0000	 2.4458
6.4712	 675.0000	 2.4458
6.4812	 666.0000	 2.4458
6.4912	 659.0000	 2.4458
6.5012	 655.0000	 2.4458
6.5112	 649.0000	 2.4458
6.5212	 645.0000	 2.4458
6.5312	 636.0000	 2.4458
6.5412	 629.0000	 2.4458
6.5512	 621.0000	 2.4458
6.5612	 610.0000	 2.4458
6.5712	 599.0000	 2.4458
6.5812	 587.0000	 2.4458
6.5912	 573.0000	 2.4458
6.6012	 559.0000	 2.4458
6.6112	 546.0000	 2.4458
6.6212	 526.0000	 2.4458
6.6312	 509.0000	 2.4458
6.6412	 501.0000	 2.4458
6.6512	 491.0000	 2.4458
6.6612	 483.0000	 2.4458
6.7893	 305.0000	 2.4458
6.7993	 298.0000	 2.4458
6.8093	 294.0000	 2.4458
6.8193	 291.0000	 2.4458
6.8293	 288.0000	 2.4458
6.8393	 287.0000	 2.4458
6.8493	 287.0000	 2.4458
6.8593	 286.0000	 2.4458
6.8693	 285.0000	 2.4458
6.8793	 285.0000	 2.4458
6.8893	 284.0000	 2.4458
6.8993	 283.0000	 2.4458
6.9093	 281.0000	 2.4458
6.9193	 281.0000	 2.4458
6.9293	 280.0000	 2.4458
6.9393	 279.0000	 2.4458
6.9493	 279.0000	 2.4458
6.9593	 278.0000	 2.4458
6.9693	 277.0000	 2.4458
6.9793	 277.0000	 2.4458
6.9893	 278.0000	 2.4458
6.9993	 278.0000	 2.4458
7.0093	 278.0000	 2.4458
7.0193	 279.0000	 2.4458
7.0293	 279.0000	 2.4458
7.0393	 281.0000	 2.4458
7.0493	 282.0000	 2.4458
7.0593	 284.0000	 2.4458
7.0693	 287.0000	 2.4458
7.0793	 289.0000	 2.4458
7.0893	 292.0000	 2.4458
7.0993	 294.0000	 2.4458
7.1093	 298.0000	 2.4458
7.1193	 300.0000	 2.4458
7.1293	 303.0000	 2.4458
7.1393	 305.0000	 2.4458
7.1494	 308.0000	 2.4458
7.1594	 310.0000	 2.4458
7.3028	 370.0000	 2.4458
7.3128	 375.0000	 2.4458
7.3228	 382.0000	 2.4458
7.3328	 387.0000	 2.4458
7.3428	 394.0000	 2.4458
7.3529	 399.0000	 2.4458
7.3629	 404.0000	 2.4458
7.3729	 408.0000	 2.4458
7.3829	 411.0000	 2.4458
7.3929	 413.0000	 2.4458
7.4029	 413.0000	 2.4458
7.4129	 413.0000	 2.4458
7.4229	 411.0000	 2.4458
7.4329	 410.0000	 2.4458
7.4429	 406.0000	 2.4458
7.4529	 405.0000	 2.4458
7.4629	 402.0000	 2.4458
7.4729	 401.0000	 2.4458
7.4829	 399.0000	 2.4458
7.4929	 398.0000	 2.4458
7.5029	 397.0000	 2.4458
7.5129	 397.0000	 2.4458
7.5229	 396.0000	 2.4458
7.5329	 397.0000	 2.4458
7.5429	 397.0000	 2.4458
7.5529	 398.0000	 2.4458
7.5629	 398.0000	 2.4458
7.5729	 400.0000	 2.4458
7.5829	 400.0000	 2.4458
7.5929	 401.0000	 2.4458
7.6029	 402.0000	 2.4458
7.6129	 403.0000	 2.4458
7.6229	 403.0000	 2.4458
7.6329	 403.0000	 2.4458
7.6429	 403.0000	 2.4458
7.6529	 402.0000	 2.4458
7.7969	 402.0000	 2.4458
7.8069	 402.0000	 2.4458
7.8169	 401.0000	 2.4458
7.8269	 401.0000	 2.4458
7.8369	 402.0000	 2.4458
7.8469	 402.0000	 2.4458
7.8569	 402.0000	 2.4458
7.8669	 402.0000	 2.4458
7.8769	 402.0000	 2.4458
7.8869	 402.0000	 2.4458
7.8969	 401.0000	 2.4458
7.9069	 402.0000	 2.4458
7.9169	 401.0000	 2.4458
7.9269	 403.0000	 2.4458
7.9371	 402.0000	 2.4458
7.9471	 402.0000	 2.4458
7.9571	 402.0000	 2.4458
7.9671	 402.0000	 2.4458
7.9771	 401.0000	 2.4458
7.9871	 401.0000	 2.4458
7.9971	 402.0000	 2.4458
8.0071	 402.0000	 2.4458
8.0171	 402.0000	 2.4458
8.0271	 402.0000	 2.4458
8.0371	 402.0000	 2.4458
8.0471	 402.0000	 2.4458
8.0571	 402.0000	 2.4458
8.0671	 402.0000	 2.4458
8.0772	 402.0000	 2.4458
8.0872	 402.0000	 2.4458
8.0972	 402.0000	 2.4458
8.1072	 402.0000	 2.4458
8.1172	 402.0000	 2.4458
8.1272	 402.0000	 2.4458
8.1372	 402.0000	 2.4458
8.1472	 402.0000	 2.4458
8.1572	 401.0000	 2.4458
8.3072	 401.0000	 2.4458
8.3172	 402.0000	 2.4458
8.3272	 402.0000	 2.4458
8.3372	 402.0000	 2.4458
8.3473	 402.0000	 2.4458
8.3573	 402.0000	 2.4458
8.3673	 402.0000	 2.4458
8.3773	 402.0000	 2.4458
8.3873	 402.0000	 2.4458
8.3973	 402.0000	 2.4458
8.4073	 401.0000	 2.4458
8.4173	 402.0000	 2.4458
8.4273	 402.0000	 2.4458
8.4373	 402.0000	 2.4458
8.4473	 402.0000	 2.4458
8.4573	 401.0000	 2.4458
8.4673	 402.0000	 2.4458
8.4773	 402.0000	 2.4458
8.4873	 402.0000	 2.4458
8.4973	 402.0000	 2.4458
8.5073	 402.0000	 2.4458
8.5173	 402.0000	 2.4458
8.5273	 402.0000	 2.4458
8.5373	 402.0000	 2.4458
8.5473	 402.0000	 2.4458
8.5573	 402.0000	 2.4458
8.5673	 402.0000	 2.4458
8.5773	 402.0000	 2.4458
8.5873	 402.0000	 2.4458
8.5973	 402.0000	 2.4458
8.6073	 402.0000	 2.4458
8.6173	 402.0000	 2.4458
8.6273	 402.0000	 2.4458
8.6373	 402.0000	 2.4458
8.6473	 402.0000	 2.4458
8.6573	 401.0000	 2.4458
8.7952	 401.0000	 2.4458
8.8052	 402.0000	 2.4458
8.8152	 402.0000	 2.4458
8.8252	 402.0000	 2.4458
8.8352	 402.0000	 2.4458
8.8452	 402.0000	 2.4458
8.8552	 402.0000	 2.4458
8.8652	 402.0000	 2.4458
8.8752	 402.0000	 2.4458
8.8852	 402.0000	 2.4458
8.8952	 403.0000	 2.4458
8.9052	 402.0000	 2.4458
8.9152	 401.0000	 2.4458
8.9252	 402.0000	 2.4458
8.9352	 402.0000	 2.4458
8.9452	 402.0000	 2.4458
8.9552	 402.0000	 2.4458
8.9652	 402.0000	 2.4458
8.9752	 402.0000	 2.4458
8.9852	 402.0000	 2.4458
8.9952	 402.0000	 2.4458
9.0052	 402.0000	 2.4458
9.0152	 402.0000	 2.4458
9.0252	 402.0000	 2.4458
9.0352	 402.0000	 2.4458
9.0452	 402.0000	 2.4458
9.0552	 401.0000	 2.4458
9.0652	 402.0000	 2.4458
9.0752	 402.0000	 2.4458
9.0853	 402.0000	 2.4458
9.0953	 402.0000	 2.4458
9.1053	 403.0000	 2.4458
9.1153	 402.0000	 2.4458
9.1253	 403.0000	 2.4458
9.1353	 402.0000	 2.4458
9.1453	 402.0000	 2.4458
9.1553	 402.0000	 2.4458
9.3028	 402.0000	 2.4458
9.3128	 402.0000	 2.4458
9.3228	 402.0000	 2.4458
9.3328	 402.0000	 2.4458
9.3428	 402.0000	 2.4458
9.3528	 402.0000	 2.4458
9.3628	 403.0000	 2.4458
9.3728	 402.0000	 2.4458
9.3828	 402.0000	 2.4458
9.3928	 402.0000	 2.4458
9.4028	 402.0000	 2.4458
9.4128	 402.0000	 2.4458
9.4228	 402.0000	 2.4458
9.4328	 402.0000	 2.4458
9.4428	 402.0000	 2.4458
9.4528	 402.0000	 2.4458
9.4628	 403.0000	 2.4458
9.4728	 402.0000	 2.4458
9.4828	 402.0000	 2.4458
9.4928	 402.0000	 2.4458
9.5028	 401.0000	 2.4458
9.5128	 402.0000	 2.4458
9.5228	 403.0000	 2.4458
9.5328	 402.0000	 2.4458
9.5428	 402.0000	 2.4458
9.5528	 402.0000	 2.4458
9.5629	 402.0000	 2.4458
9.5729	 402.0000	 2.4458
9.5829	 402.0000	 2.4458
9.5929	 402.0000	 2.4458
9.6029	 402.0000	 2.4458
9.6129	 402.0000	 2.4458
9.6229	 402.0000	 2.4458
9.6329	 402.0000	 2.4458
9.6429	 402.0000	 2.4458
9.6529	 402.0000	 2.4458
9.7961	 402.0000	 2.4458
9.8061	 402.0000	 2.4458
9.8162	 402.0000	 2.4458
9.8262	 402.0000	 2.4458
9.8362	 402.0000	 2.4458
9.8462	 402.0000	 2.4458
9.8562	 402.0000	 2.4458
9.8662	 402.0000	 2.4458
9.8762	 402.0000	 2.4458
9.8862	 402.0000	 2.4458
9.8962	 402.0000	 2.4458
9.9062	 402.0000	 2.4458
9.9162	 402.0000	 2.4458
9.9262	 402.0000	 2.4458
9.9362	 402.0000	 2.4458
9.9462	 403.0000	 2.4458
9.9562	 402.0000	 2.4458
9.9662	 402.0000	 2.4458
9.9762	 402.0000	 2.4458
9.9862	 401.0000	 2.4458
9.9962	 402.0000	 2.4458
10.0062	 402.0000	 2.4458
10.0162	 402.0000	 2.4458
10.0262	 402.0000	 2.4458
10.0362	 402.0000	 2.4458
10.0462	 402.0000	 2.4458
10.0562	 403.0000	 2.4458
10.0662	 402.0000	 2.4458
10.0762	 402.0000	 2.4458
10.0862	 403.0000	 2.4458
10.0962	 402.0000	 2.4458
10.1062	 402.0000	 2.4458
10.1162	 402.0000	 2.4458
10.1262	 402.0000	 2.4458
10.1362	 402.0000	 2.4458
10.1462	 402.0000	 2.4458
10.1562	 402.0000	 2.4458
10.3031	 402.0000	 2.4458
10.3131	 402.0000	 2.4458
10.3231	 402.0000	 2.4458
10.3331	 402.0000	 2.4458
10.3431	 402.0000	 2.4458
10.3531	 402.0000	 2.4458
10.3631	 402.0000	 2.4458
10.3731	 402.0000	 2.4458
10.3831	 402.0000	 2.4458
10.3931	 403.0000	 2.4458
10.4031	 402.0000	 2.4458
10.4131	 402.0000	 2.4458
10.4231	 402.0000	 2.4458
10.4331	 402.0000	 2.4458
10.4431	 402.0000	 2.4458
10.4531	 402.0000	 2.4458
10.4631	 401.0000	 2.4458
10.4731	 402.0000	 2.4458
10.4831	 402.0000	 2.4458
10.4931	 403.0000	 2.4458
10.5031	 402.0000	 2.4458
10.5131	 402.0000	 2.4458
10.5231	 402.0000	 2.4458
10.5331	 402.0000	 2.4458
10.5431	 402.0000	 2.4458
10.5531	 402.0000	 2.4458
10.5631	 401.0000	 2.4458
10.5731	 402.0000	 2.4458
10.5831	 403.0000	 2.4458
10.5931	 403.0000	 2.4458
10.6031	 402.0000	 2.4458
10.6131	 402.0000	 2.4458
10.6231	 402.0000	 2.4458
10.6331	 402.0000	 2.4458
10.6431	 402.0000	 2.4458
10.6531	 403.0000	 2.4458
10.7864	 402.0000	 4.9990
10.7964	 403.0000	 4.9990
10.8065	 402.0000	 4.9990
10.8165	 402.0000	 4.9990
10.8265	 402.0000	 4.9990
10.8365	 402.0000	 4.9990
10.8465	 403.0000	 4.9990
10.8565	 403.0000	 4.9990
10.8665	 402.0000	 4.9990
10.8765	 402.0000	 4.9990
10.8865	 402.0000	 4.9990
10.8965	 402.0000	 4.9990
10.9065	 402.0000	 4.9990
10.9165	 402.0000	 4.9990
10.9265	 402.0000	 4.9990
10.9365	 402.0000	 4.9990
10.9465	 402.0000	 4.9990
10.9565	 402.0000	 4.9990
10.9665	 402.0000	 4.9990
10.9765	 402.0000	 4.9990
10.9865	 402.0000	 4.9990
10.9965	 402.0000	 4.9990
11.0065	 402.0000	 4.9990
11.0165	 402.0000	 4.9990
11.0265	 402.0000	 4.9990
11.0365	 402.0000	 4.9990
11.0465	 403.0000	 4.9990
11.0565	 402.0000	 4.9990
11.0665	 402.0000	 4.9990
11.0765	 402.0000	 4.9990
11.0865	 402.0000	 4.9990
11.0965	 402.0000	 4.9990
11.1065	 402.0000	 4.9990
11.1165	 402.0000	 4.9990
11.1265	 402.0000	 4.9990
11.1365	 403.0000	 4.9990
11.1465	 402.0000	 4.9990
11.1565	 402.0000	 4.9990
11.3036	 402.0000	 7.4987
11.3136	 402.0000	 7.4987
11.3236	 403.0000	 7.4987
11.3336	 402.0000	 7.4987
11.3436	 402.0000	 7.4987
11.3536	 402.0000	 7.4987
11.3636	 402.0000	 7.4987
11.3736	 403.0000	 7.4987
11.3836	 403.0000	 7.4987
11.3936	 402.0000	 7.4987
11.4036	 402.0000	 7.4987
11.4136	 402.0000	 7.4987
11.4236	 402.0000	 7.4987
11.4336	 402.0000	 7.4987
11.4436	 402.0000	 7.4987
11.4536	 402.0000	 7.4987
11.4636	 401.0000	 7.4987
11.4736	 402.0000	 7.4987
11.4836	 402.0000	 7.4987
11.4936	 402.0000	 7.4987
11.5036	 402.0000	 7.4987
11.5136	 402.0000	 7.4987
11.5236	 403.0000	 7.4987
11.5336	 402.0000	 7.4987
11.5436	 402.0000	 7.4987
11.5536	 402.0000	 7.4987
11.5636	 402.0000	 7.4987
11.5736	 402.0000	 7.4987
11.5836	 402.0000	 7.4987
11.5936	 402.0000	 7.4987
11.6036	 402.0000	 7.4987
11.6136	 402.0000	 7.4987
11.6236	 402.0000	 7.4987
11.6336	 402.0000	 7.4987
11.6436	 402.0000	 7.4987
11.6536	 401.0000	 7.4987
11.8007	 403.0000	 4.6866
11.8107	 402.0000	 4.6866
11.8207	 402.0000	 4.6866
11.8307	 402.0000	 4.6866
11.8407	 402.0000	 4.6866
11.8507	 402.0000	 4.6866
11.8607	 402.0000	 4.6866
11.8707	 402.0000	 4.6866
11.8807	 402.0000	 4.6866
11.8907	 402.0000	 4.6866
11.9007	 402.0000	 4.6866
11.9107	 402.0000	 4.6866
11.9207	 402.0000	 4.6866
11.9307	 402.0000	 4.6866
11.9407	 402.0000	 4.6866
11.9507	 402.0000	 4.6866
11.9607	 402.0000	 4.6866
11.9707	 402.0000	 4.6866
11.9807	 402.0000	 4.6866
11.9907	 402.0000	 4.6866
12.0007	 402.0000	 4.6866
12.0107	 402.0000	 4.6866
12.0207	 402.0000	 4.6866
12.0307	 402.0000	 4.6866
12.0407	 402.0000	 4.6866
12.0507	 402.0000	 4.6866
12.0607	 402.0000	 4.6866
12.0707	 402.0000	 4.6866
12.0807	 402.0000	 4.6866
12.0907	 402.0000	 4.6866
12.1007	 402.0000	 4.6866
12.1107	 403.0000	 4.6866
12.1207	 402.0000	 4.6866
12.1307	 402.0000	 4.6866
12.1407	 402.0000	 4.6866
12.1507	 402.0000	 4.6866
12.1607	 402.0000	 4.6866
12.3109	 402.0000	 1.8424
12.3209	 402.0000	 1.8424
12.3310	 403.0000	 1.8424
12.3410	 402.0000	 1.8424
12.3510	 403.0000	 1.8424
12.3610	 402.0000	 1.8424
12.3710	 402.0000	 1.8424
12.3810	 402.0000	 1.8424
12.3910	 402.0000	 1.8424
12.4010	 402.0000	 1.8424
12.4110	 402.0000	 1.8424
12.4210	 402.0000	 1.8424
12.4310	 402.0000	 1.8424
12.4410	 402.0000	 1.8424
12.4510	 403.0000	 1.8424
12.4610	 401.0000	 1.8424
12.4710	 403.0000	 1.8424
12.4810	 402.0000	 1.8424
12.4910	 402.0000	 1.8424
12.5010	 402.0000	 1.8424
12.5110	 402.0000	 1.8424
12.5210	 403.0000	 1.8424
12.5310	 403.0000	 1.8424
12.5410	 402.0000	 1.8424
12.5510	 402.0000	 1.8424
12.5610	 402.0000	 1.8424
12.5710	 403.0000	 1.8424
12.5810	 403.0000	 1.8424
12.5910	 402.0000	 1.8424
12.6010	 402.0000	 1.8424
12.6110	 402.0000	 1.8424
12.6210	 402.0000	 1.8424
12.6310	 403.0000	 1.8424
12.6410	 402.0000	 1.8424
12.6510	 402.0000	 1.8424
12.6610	 402.0000	 1.8424
12.7934	 402.0000	 10.7125
12.8034	 402.0000	 10.7125
12.8134	 402.0000	 10.7125
12.8234	 402.0000	 10.7125
12.8334	 402.0000	 10.7125
12.8434	 402.0000	 10.7125
12.8534	 402.0000	 10.7125
12.8634	 402.0000	 10.7125
12.8734	 402.0000	 10.7125
12.8834	 402.0000	 10.7125
12.8934	 403.0000	 10.7125
12.9034	 402.0000	 10.7125
12.9134	 402.0000	 10.7125
12.9234	 402.0000	 10.7125
12.9334	 402.0000	 10.7125
12.9434	 402.0000	 10.7125
12.9534	 402.0000	 10.7125
12.9634	 402.0000	 10.7125
12.9734	 402.0000	 10.7125
12.9834	 402.0000	 10.7125
12.9934	 402.0000	 10.7125
13.0034	 402.0000	 10.7125
13.0134	 402.0000	 10.7125
13.0234	 402.0000	 10.7125
13.0334	 403.0000	 10.7125
13.0434	 402.0000	 10.7125
13.0534	 403.0000	 10.7125
13.0634	 402.0000	 10.7125
13.0734	 402.0000	 10.7125
13.0834	 402.0000	 10.7125
13.0935	 402.0000	 10.7125
13.1035	 402.0000	 10.7125
13.1135	 402.0000	 10.7125
13.1235	 403.0000	 10.7125
13.1335	 402.0000	 10.7125
13.1435	 402.0000	 10.7125
13.1535	 403.0000	 10.7125
13.3016	 402.0000	 8.3311
13.3116	 402.0000	 8.3311
13.3216	 403.0000	 8.3311
13.3316	 402.0000	 8.3311
13.3416	 402.0000	 8.3311
13.3516	 402.0000	 8.3311
13.3616	 402.0000	 8.3311
13.3716	 402.0000	 8.3311
13.3816	 402.0000	 8.3311
13.3916	 402.0000	 8.3311
13.4016	 402.0000	 8.3311
13.4116	 401.0000	 8.3311
13.4216	 402.0000	 8.3311
13.4316	 402.0000	 8.3311
13.4416	 402.0000	 8.3311
13.4516	 402.0000	 8.3311
13.4616	 402.0000	 8.3311
13.4716	 402.0000	 8.3311
13.4816	 402.0000	 8.3311
13.4916	 402.0000	 8.3311
13.5016	 402.0000	 8.3311
13.5116	 402.0000	 8.3311
13.5216	 401.0000	 8.3311
13.5316	 402.0000	 8.3311
13.5416	 402.0000	 8.3311
13.5516	 402.0000	 8.3311
13.5616	 402.0000	 8.3311
13.5716	 402.0000	 8.3311
13.5816	 401.0000	 8.3311
13.5916	 402.0000	 8.3311
13.6016	 402.0000	 8.3311
13.6116	 402.0000	 8.3311
13.6216	 402.0000	 8.3311
13.6316	 403.0000	 8.3311
13.6416	 402.0000	 8.3311
13.6516	 403.0000	 8.3311
13.6616	 402.0000	 8.3311
13.8159	 402.0000	 10.7124
13.8259	 402.0000	 10.7124
13.8359	 402.0000	 10.7124
13.8459	 402.0000	 10.7124
13.8559	 403.0000	 10.7124
13.8659	 402.0000	 10.7124
13.8759	 402.0000	 10.7124
13.8860	 402.0000	 10.7124
13.8960	 402.0000	 10.7124
13.9060	 402.0000	 10.7124
13.9160	 402.0000	 10.7124
13.9260	 402.0000	 10.7124
13.9360	 402.0000	 10.7124
13.9460	 402.0000	 10.7124
13.9560	 402.0000	 10.7124
13.9660	 402.0000	 10.7124
13.9760	 402.0000	 10.7124
13.9860	 403.0000	 10.7124
13.9960	 403.0000	 10.7124
14.0060	 402.0000	 10.7124
14.0160	 402.0000	 10.7124
14.0260	 402.0000	 10.7124
14.0360	 402.0000	 10.7124
14.0460	 402.0000	 10.7124
14.0560	 402.0000	 10.7124
14.0660	 402.0000	 10.7124
14.0760	 402.0000	 10.7124
14.0860	 403.0000	 10.7124
14.0960	 402.0000	 10.7124
14.1060	 402.0000	 10.7124
14.1160	 402.0000	 10.7124
14.1260	 403.0000	 10.7124
14.1360	 402.0000	 10.7124
14.1460	 402.0000	 10.7124
14.1560	 403.0000	 10.7124
14.2932	 402.0000	 12.4977
14.3032	 403.0000	 12.4977
14.3132	 402.0000	 12.4977
14.3232	 402.0000	 12.4977
14.3332	 402.0000	 12.4977
14.3432	 402.0000	 12.4977
14.3532	 402.0000	 12.4977
14.3632	 402.0000	 12.4977
14.3732	 402.0000	 12.4977
14.3832	 402.0000	 12.4977
14.3932	 403.0000	 12.4977
14.4032	 403.0000	 12.4977
14.4132	 402.0000	 12.4977
14.4232	 403.0000	 12.4977
14.4332	 402.0000	 12.4977
14.4432	 402.0000	 12.4977
14.4532	 403.0000	 12.4977
14.4632	 402.0000	 12.4977
14.4732	 402.0000	 12.4977
14.4832	 402.0000	 12.4977
14.4932	 402.0000	 12.4977
14.5032	 402.0000	 12.4977
14.5132	 402.0000	 12.4977
14.5232	 402.0000	 12.4977
14.5332	 402.0000	 12.4977
14.5432	 402.0000	 12.4977
14.5532	 403.0000	 12.4977
14.5632	 402.0000	 12.4977
14.5732	 402.0000	 12.4977
14.5832	 402.0000	 12.4977
14.5932	 402.0000	 12.4977
14.6032	 402.0000	 12.4977
14.6132	 402.0000	 12.4977
14.6232	 402.0000	 12.4977
14.6332	 402.0000	 12.4977
14.6433	 403.0000	 12.4977
14.6533	 403.0000	 12.4977
14.8006	 401.0000	 4.1659
14.8106	 402.0000	 4.1659
14.8206	 402.0000	 4.1659
14.8306	 402.0000	 4.1659
14.8406	 402.0000	 4.1659
14.8506	 402.0000	 4.1659
14.8606	 402.0000	 4.1659
14.8706	 402.0000	 4.1659
14.8806	 402.0000	 4.1659
14.8906	 402.0000	 4.1659
14.9006	 402.0000	 4.1659
14.9106	 402.0000	 4.1659
14.9206	 402.0000	 4.1659
14.9306	 403.0000	 4.1659
14.9406	 402.0000	 4.1659
14.9506	 402.0000	 4.1659
14.9606	 401.0000	 4.1659
14.9706	 402.0000	 4.1659
14.9806	 402.0000	 4.1659
14.9906	 402.0000	 4.1659
